     0/499     6.48G    0.1112   0.03788         0    0.1491         3       512 0.0007937   0.08929 0.0002798 6.195e-05    0.1027   0.02837         0
     1/499      6.6G    0.1095   0.04396         0    0.1534         6       512 0.0007937   0.08929 0.0001743 4.672e-05   0.09766    0.0295         0
     2/499      6.6G    0.1034   0.04816         0    0.1516        11       512  0.001318    0.1429 0.0004304 6.918e-05   0.09434   0.03028         0
     3/499      6.6G    0.1003   0.05082         0    0.1512        12       512  0.001153     0.125 0.0003419  5.13e-05   0.09268   0.03064         0
     4/499      6.6G   0.09937    0.0485         0    0.1479         8       512  0.001153     0.125 0.0004061 6.536e-05   0.09195   0.03077         0
     5/499     6.61G   0.09866     0.049         0    0.1477        11       512 0.0009886    0.1071 0.0001944 4.461e-05    0.0915   0.03083         0
     6/499     6.61G   0.09836   0.05664         0     0.155        20       512  0.001318    0.1429 0.0003621 4.811e-05   0.09091   0.03099         0
     7/499     6.61G   0.09773   0.04972         0    0.1475         5       512  0.001648    0.1786 0.0004838 5.793e-05   0.09082   0.03092         0
     8/499     6.61G   0.09703   0.04784         0    0.1449         4       512  0.001483    0.1607 0.0003643 4.552e-05    0.0905   0.03095         0
     9/499     6.61G   0.09807   0.05348         0    0.1516        10       512  0.001477    0.1429 0.0003373 4.509e-05   0.09064   0.03088         0
    10/499     6.61G   0.09646   0.05411         0    0.1506        10       512  0.001483    0.1607 0.0004035  4.87e-05   0.09054   0.03091         0
    11/499     6.61G   0.09864   0.05459         0    0.1532        15       512  0.001318    0.1429  0.000269 3.738e-05   0.09073   0.03079         0
    12/499     6.61G   0.09824   0.05551         0    0.1537        14       512   0.00156    0.1607 0.0002816 3.691e-05   0.09089   0.03071         0
    13/499     6.61G   0.09651    0.0518         0    0.1483        13       512  0.001553   0.08929 0.0008731 0.0001702    0.0904   0.03086         0
    14/499     6.61G   0.09664   0.05253         0    0.1492         8       512  0.001485   0.03571 0.0003338 5.928e-05   0.09042   0.03083         0
    15/499     6.61G   0.09739   0.05341         0    0.1508        10       512   0.02732   0.01786 0.0008147 0.0003681   0.09067    0.0307         0
    16/499     6.61G   0.09731   0.04864         0     0.146         7       512   0.05885   0.03571  0.003186 0.0005167   0.09057   0.03071         0
    17/499     6.61G   0.09821   0.04549         0    0.1437         2       512  0.001189     0.125 0.0001932 2.335e-05   0.09134   0.03048         0
    18/499     6.61G   0.09719   0.05026         0    0.1474         5       512  0.001327    0.1429 0.0003255 3.503e-05   0.09142   0.03041         0
    19/499     6.61G   0.09749   0.05665         0    0.1541        17       512  0.001629    0.1786 0.0004396 4.709e-05   0.09159   0.03042         0
    20/499     6.61G   0.09766   0.05245         0    0.1501        15       512  0.006062   0.01786 0.0003897  7.68e-05   0.09185   0.03032         0
    21/499     6.61G   0.09626   0.04731         0    0.1436         5       512   0.03352   0.01786 0.0009671 0.0001676   0.09234   0.03005         0
    22/499     6.61G   0.09667    0.0478         0    0.1445         6       512   0.01235   0.01786 0.0006686   0.00011   0.09138   0.03032         0
    23/499     6.61G   0.09717   0.05628         0    0.1534         7       512  0.001828    0.1964 0.0005962  6.88e-05   0.09039   0.03062         0
    24/499     6.61G   0.09744   0.05106         0    0.1485         8       512  0.001587    0.1786 0.0002924 3.659e-05    0.0905   0.03059         0
    25/499     6.61G   0.09716   0.04839         0    0.1456         2       512  0.007423   0.05357  0.001304 0.0001468   0.09058   0.03055         0
    26/499     6.61G   0.09734   0.04982         0    0.1472        14       512  0.001441   0.01786  0.000231 2.549e-05   0.09082   0.03043         0
    27/499     6.61G   0.09545    0.0519         0    0.1474         9       512  0.002057   0.01786 0.0004231 5.816e-05   0.09207   0.03007         0
    28/499     6.61G   0.09723   0.04903         0    0.1463         5       512   0.00127    0.1429 0.0003492  4.17e-05   0.09052   0.03053         0
    29/499     6.61G   0.09772   0.04898         0    0.1467         6       512  0.001432    0.1607 0.0004435 5.454e-05   0.09023   0.03057         0
    30/499     6.61G   0.09703   0.05357         0    0.1506        16       512  0.001668    0.1786  0.000498 6.316e-05   0.09059   0.03041         0
    31/499     6.61G   0.09704    0.0486         0    0.1456         6       512  0.001667    0.1786 0.0003535 4.702e-05   0.09064   0.03037         0
    32/499     6.61G   0.09799   0.05497         0     0.153        19       512  0.001335    0.1429  0.000252 3.226e-05   0.09075   0.03029         0
    33/499     6.61G   0.09724   0.04523         0    0.1425         7       512  0.001508    0.1607 0.0003557 3.991e-05   0.09067   0.03026         0
    34/499     6.61G   0.09601   0.04854         0    0.1445         2       512  0.001335    0.1429 0.0002503  3.26e-05   0.09049    0.0303         0
    35/499     6.61G   0.09648   0.04731         0    0.1438        10       512  0.001647    0.1607 0.0004789 6.398e-05   0.09023   0.03039         0
    36/499     6.61G   0.09651   0.04793         0    0.1444         7       512  0.001667    0.1786  0.000358 4.448e-05   0.09015   0.03038         0
    37/499     6.61G   0.09706   0.05201         0    0.1491        10       512  0.001948    0.1429 0.0004259 5.329e-05   0.09005   0.03042         0
    38/499     6.61G   0.09764   0.05095         0    0.1486        12       512  0.001746    0.1964 0.0004519 5.451e-05   0.09024   0.03035         0
    39/499     6.61G   0.09634    0.0456         0    0.1419         7       512  0.001681   0.05357 0.0003542 4.852e-05    0.0903   0.03028         0
    40/499     6.61G   0.09695   0.05192         0    0.1489         6       512  0.001746    0.1964  0.000459 5.597e-05    0.0903   0.03023         0
    41/499     6.61G   0.09693   0.05307         0      0.15         8       512  0.002063    0.2321  0.000935 0.0001079    0.0902   0.03027         0
    42/499     6.61G   0.09762   0.04719         0    0.1448         5       512  0.001828   0.05357 0.0005588 6.666e-05   0.09017   0.03025         0
    43/499     6.61G   0.09773   0.04981         0    0.1475         7       512  0.001887   0.05357 0.0005635 6.157e-05   0.09051   0.03022         0
    44/499     6.61G    0.0957   0.05299         0    0.1487        13       512  0.002135   0.05357 0.0006514 6.955e-05   0.09019   0.03029         0
    45/499     6.61G   0.09674   0.05032         0    0.1471         1       512  0.003921   0.07143 0.0005928 7.957e-05   0.09005   0.03033         0
    46/499     6.61G    0.0973   0.04967         0     0.147         8       512  0.002341   0.03571 0.0006164 7.127e-05   0.09007    0.0303         0
    47/499     6.61G   0.09615   0.05283         0     0.149        11       512    0.1501   0.01786   0.00475 0.0004875   0.08997   0.03033         0
    48/499     6.61G   0.09715    0.0528         0    0.1499        12       512    0.1025   0.01786  0.004121 0.0004345    0.0898   0.03038         0
    49/499     6.61G   0.09705    0.0525         0    0.1496        18       512  0.002872   0.08929  0.001805 0.0002683   0.08966   0.03041         0
    50/499     6.61G   0.09503   0.05389         0    0.1489        11       512   0.03222   0.01786  0.001548 0.0002424   0.08956    0.0304         0
    51/499     6.61G   0.09701   0.05118         0    0.1482        18       512    0.0185   0.01786 0.0009734 0.0001076   0.08964   0.03029         0
    52/499     6.61G   0.09578   0.04946         0    0.1452         8       512   0.02794   0.07143  0.003519 0.0005881   0.08951    0.0302         0
    53/499     6.61G   0.09705    0.0452         0    0.1423        15       512    0.1096   0.03571  0.004768 0.0006641   0.08969   0.02979         0
    54/499     6.61G   0.09516   0.05058         0    0.1457        16       512   0.04541   0.03571   0.02019  0.002294   0.08931   0.02936         0
    55/499     6.61G   0.09386   0.04548         0    0.1393        14       512   0.04353   0.05357   0.02088   0.01173   0.08826   0.02905         0
    56/499     6.61G   0.09628   0.03961         0    0.1359         4       512   0.04372   0.07143  0.005914  0.001615   0.08726   0.06287         0
    57/499     6.61G   0.09078    0.0481         0    0.1389        12       512    0.1206   0.07143   0.02823   0.00602   0.08488   0.02839         0
    58/499     6.61G   0.09148   0.04347         0     0.135        10       512 0.0009202   0.03571 6.683e-05 7.256e-06    0.1071    0.7614         0
    59/499     6.61G   0.08883   0.04317         0     0.132         6       512 0.0009436   0.08929 8.759e-05 1.634e-05   0.08927    0.5577         0
    60/499     6.61G   0.08578   0.04254         0    0.1283         5       512   0.06531   0.07143  0.009178  0.001814   0.09095    0.1996         0
    61/499     6.61G   0.08663   0.04332         0    0.1299         8       512   0.03513    0.1071   0.01256  0.003095   0.08373   0.06997         0
    62/499     6.61G    0.0861    0.0423         0    0.1284         7       512     0.104   0.08929   0.02559   0.00469   0.08358    0.1495         0
    63/499     6.61G   0.08222   0.04383         0    0.1261        10       512    0.9875   0.03571   0.04498  0.008028   0.07949    0.1032         0
    64/499     6.61G   0.08456   0.04284         0    0.1274        10       512   0.01656    0.1429  0.005239  0.001065   0.08362    0.3531         0
    65/499     6.61G   0.08429    0.0425         0    0.1268         7       512    0.2265    0.1964     0.116   0.02254    0.0751   0.04247         0
    66/499     6.61G   0.08473   0.04429         0     0.129         8       512    0.2673    0.1964    0.1241   0.04056   0.07553    0.0353         0
    67/499     6.61G   0.08305    0.0411         0    0.1242         3       512   0.02584     0.125  0.007269  0.001794   0.08302    0.1268         0
    68/499     6.61G   0.08101    0.0411         0    0.1221         1       512    0.0869   0.03569  0.006401   0.00182   0.08561    0.1274         0
    69/499     6.61G   0.08368   0.04229         0     0.126         7       512  0.009281   0.01786 0.0008257 0.0002272   0.09914   0.03599         0
    70/499     6.61G   0.08595    0.0454         0    0.1313        10       512   0.03273   0.03571  0.001853 0.0003202   0.09793   0.03878         0
    71/499     6.61G   0.08234   0.04184         0    0.1242         6       512   0.09193   0.05357   0.01366  0.002728   0.08514    0.0673         0
    72/499     6.61G    0.0828   0.04255         0    0.1253         2       512    0.0411   0.03571  0.006768  0.001758   0.08575   0.03843         0
    73/499     6.61G   0.08333   0.04397         0    0.1273        11       512   0.07401   0.03571  0.007821  0.002545   0.08663   0.06211         0
    74/499     6.61G    0.0799   0.04336         0    0.1233        14       512  0.006172    0.2143  0.001894 0.0004458    0.0897    0.3109         0
    75/499     6.61G   0.08521   0.04291         0    0.1281        13       512   0.01465   0.03571    0.0021 0.0005952   0.09019    0.1315         0
    76/499     6.61G   0.08304   0.04288         0    0.1259         4       512   0.03895   0.05357  0.006932  0.002418   0.08407     0.044         0
    77/499     6.61G   0.08253   0.04554         0    0.1281         6       512   0.03743   0.05357  0.005905  0.001751   0.08908   0.08331         0
    78/499     6.61G   0.08121   0.04425         0    0.1255        16       512   0.05697   0.03571   0.00536   0.00125   0.09433   0.05358         0
    79/499     6.61G   0.07984   0.04442         0    0.1243        14       512   0.02487   0.01786   0.00331 0.0007669   0.08675    0.1568         0
    80/499     6.61G   0.07986   0.04552         0    0.1254         8       512   0.03155    0.1786   0.01066  0.002568   0.08541    0.1474         0
    81/499     6.61G   0.07741   0.04271         0    0.1201         5       512   0.05741   0.05357   0.01023  0.003396   0.08094    0.1252         0
    82/499     6.61G    0.0772   0.04283         0      0.12         6       512    0.1537   0.07143   0.01559  0.002779   0.08838   0.09057         0
    83/499     6.61G   0.07861   0.04513         0    0.1237        13       512   0.03137   0.05357  0.005311 0.0007942   0.09432    0.1055         0
    84/499     6.61G   0.08159   0.04365         0    0.1252         8       512   0.01816   0.03571  0.001743 0.0003352   0.09004    0.2264         0
    85/499     6.61G   0.08076   0.04384         0    0.1246        13       512   0.01097    0.1071  0.003054 0.0007594   0.08844    0.1985         0
    86/499     6.61G   0.07968   0.03997         0    0.1196        11       512  0.008221   0.03571  0.001605 0.0003558   0.08955    0.1401         0
    87/499     6.61G   0.07663   0.04504         0    0.1217        19       512   0.01914   0.05357  0.003613 0.0005025   0.09139   0.04934         0
    88/499     6.61G    0.0764   0.04108         0    0.1175         4       512   0.01114    0.1429  0.002923 0.0006996   0.08696   0.06969         0
    89/499     6.61G   0.07644   0.04628         0    0.1227        17       512   0.01877    0.2679    0.0085  0.001897   0.08367   0.07814         0
    90/499     6.61G   0.07636   0.04216         0    0.1185        12       512   0.08609    0.2143   0.04743   0.01512   0.07241   0.03553         0
    91/499     6.61G    0.0764   0.04296         0    0.1194        23       512    0.1259    0.1964   0.06708   0.01567   0.07085   0.02901         0
    92/499     6.61G   0.07524   0.03893         0    0.1142        10       512    0.1924    0.3929    0.1067   0.02203    0.0741   0.04088         0
    93/499     6.61G   0.07252   0.04006         0    0.1126        10       512    0.0967    0.2857   0.09672   0.01916   0.07258   0.03828         0
    94/499     6.61G   0.07705   0.04007         0    0.1171        13       512   0.05949   0.05357  0.007272  0.001661   0.08122    0.1265         0
    95/499     6.61G   0.07469   0.04269         0    0.1174        10       512  0.006057   0.01786 0.0008843  0.000137   0.09187   0.03292         0
    96/499     6.61G   0.07537   0.04307         0    0.1184        17       512  0.006966   0.01786 0.0004193  6.08e-05   0.09276   0.03735         0
    97/499     6.61G    0.0755   0.04514         0    0.1206        18       512   0.01753   0.01786 0.0007309 0.0001876   0.09503   0.04719         0
    98/499     6.61G   0.07626   0.04353         0    0.1198         9       512   0.04723   0.01786  0.002246 0.0004019   0.08806    0.1103         0
    99/499     6.61G   0.07479   0.03714         0    0.1119         4       512   0.01671   0.05357  0.003959 0.0008129   0.08701    0.1671         0
   100/499     6.61G   0.07271   0.04168         0    0.1144         8       512   0.07624   0.07143   0.01188  0.002573   0.08049    0.1296         0
   101/499     6.61G   0.07397   0.04385         0    0.1178        10       512    0.1131    0.1429   0.02801  0.004008   0.08216    0.1327         0
   102/499     6.61G   0.07287   0.04338         0    0.1162        18       512   0.01779     0.125  0.004686  0.001063   0.08808    0.1331         0
   103/499     6.61G   0.07373   0.03999         0    0.1137         3       512   0.02258   0.07143   0.00397  0.000954   0.08911    0.1349         0
   104/499     6.61G   0.07278   0.04269         0    0.1155        14       512    0.0293    0.1071  0.006752  0.001382   0.08442     0.122         0
   105/499     6.61G   0.07222   0.04042         0    0.1126        15       512   0.04078   0.07143  0.009113   0.00356   0.08439    0.1051         0
   106/499     6.61G   0.07239   0.04453         0    0.1169         5       512   0.03671   0.08929  0.009634  0.002876   0.08398    0.1425         0
   107/499     6.61G   0.07059   0.03628         0    0.1069         8       512   0.04855    0.1071     0.013  0.003815   0.08234   0.06781         0
   108/499     6.61G   0.07255    0.0453         0    0.1178        24       512   0.05768      0.25   0.02586  0.004663   0.08111     0.152         0
   109/499     6.61G   0.07096   0.04302         0     0.114        13       512   0.04973   0.01786  0.004545  0.001016   0.08866     0.143         0
   110/499     6.61G   0.07373   0.04105         0    0.1148        17       512    0.2726    0.2143    0.0835   0.02087   0.07419   0.06681         0
   111/499     6.61G    0.0717   0.03712         0    0.1088         6       512     0.156    0.4821    0.1173   0.03136   0.06908   0.02417         0
   112/499     6.61G   0.07119   0.04144         0    0.1126        16       512    0.1165    0.2857   0.06237    0.0125   0.07981   0.02212         0
   113/499     6.61G   0.07173   0.04337         0    0.1151        12       512    0.3074    0.3566    0.1936   0.04837   0.07385   0.03534         0
   114/499     6.61G   0.06944   0.04197         0    0.1114         9       512   0.09389    0.1425   0.03198  0.009037   0.08186   0.09933         0
   115/499     6.61G    0.0718   0.04184         0    0.1136         8       512    0.4087    0.2839    0.1979   0.05562   0.07168   0.02893         0
   116/499     6.61G   0.06644   0.03832         0    0.1048         4       512   0.09253   0.08929   0.01309  0.003438   0.08629   0.02613         0
   117/499     6.61G   0.06972   0.03723         0    0.1069         9       512  0.003171    0.2143 0.0008403 0.0001353   0.09466   0.02708         0
   118/499     6.61G   0.06944   0.04369         0    0.1131        21       512    0.4961   0.01786  0.008954  0.001887     0.095   0.02708         0
   119/499     6.61G   0.06867   0.03924         0    0.1079         5       512    0.3077   0.08929   0.03143  0.005079   0.08371   0.02909         0
   120/499     6.61G   0.06996    0.0413         0    0.1113         6       512    0.2076    0.1591   0.07074   0.01395   0.07827   0.02346         0
   121/499     6.61G   0.06992   0.04384         0    0.1138        12       512    0.1052    0.1429    0.0324  0.007032   0.08055    0.0993         0
   122/499     6.61G   0.06954   0.04208         0    0.1116        10       512    0.2772    0.1786    0.1036   0.02367   0.08249   0.02516         0
   123/499     6.61G   0.06969   0.04261         0    0.1123         5       512    0.2266    0.1964    0.1083   0.02452    0.0812   0.02435         0
   124/499     6.61G   0.06739      0.05         0    0.1174        34       512    0.2455    0.3036    0.1325    0.0246   0.07136   0.02492         0
   125/499     6.61G   0.06926   0.03958         0    0.1088         8       512    0.1793     0.375    0.1103   0.02544   0.07072   0.02408         0
   126/499     6.61G   0.06984   0.04022         0    0.1101        12       512     0.297    0.3546    0.1618   0.03296   0.06836   0.02477         0
   127/499     6.61G   0.06776   0.04416         0    0.1119        22       512    0.2991    0.3214    0.1642    0.0415   0.07209   0.02245         0
   128/499     6.61G   0.06726   0.03804         0    0.1053        10       512    0.2949     0.375    0.1652   0.04807   0.07343   0.02382         0
   129/499     6.61G   0.06945   0.03773         0    0.1072         9       512     0.282    0.3929    0.1983   0.04149   0.06966   0.02318         0
   130/499     6.61G   0.06866   0.03566         0    0.1043         4       512   0.05911      0.25    0.0197  0.006035   0.08458   0.08413         0
   131/499     6.61G   0.06787   0.04177         0    0.1096        12       512   0.06992   0.07143   0.01354  0.003528   0.08904    0.1373         0
   132/499     6.61G   0.06831   0.03911         0    0.1074         7       512    0.1182    0.1607   0.03046  0.008046   0.08482   0.07242         0
   133/499     6.61G   0.06899    0.0414         0    0.1104        19       512    0.1327    0.1786   0.03684    0.0122   0.08162    0.0778         0
   134/499     6.61G   0.06928   0.03547         0    0.1047         4       512    0.0893    0.2679   0.04281   0.01078   0.07958   0.03757         0
   135/499     6.61G   0.06505   0.04121         0    0.1063         7       512    0.2131    0.2143   0.08319   0.02541   0.07628   0.06622         0
   136/499     6.61G   0.06455   0.03944         0     0.104         5       512    0.2879     0.375    0.1628   0.05137   0.07158   0.03033         0
   137/499     6.61G   0.06753    0.0397         0    0.1072         7       512    0.2625    0.3571    0.1826   0.05495   0.07069    0.0265         0
   138/499     6.61G   0.06581   0.03479         0    0.1006         4       512    0.1758    0.3393    0.1255   0.03012   0.07657   0.02341         0
   139/499     6.61G   0.06542   0.03775         0    0.1032        11       512    0.2333     0.375    0.1659   0.03771    0.0722   0.02519         0
   140/499     6.61G   0.06698   0.03806         0     0.105         5       512    0.2346    0.3571    0.1327   0.03935   0.07304   0.02479         0
   141/499     6.61G   0.06866   0.03737         0     0.106         4       512    0.3399    0.3036    0.1693   0.04382   0.06959   0.02291         0
   142/499     6.61G   0.06578   0.03942         0    0.1052         5       512    0.3063    0.3393    0.1915   0.05274   0.06735   0.02304         0
   143/499     6.61G   0.06481    0.0381         0    0.1029         8       512    0.2018    0.2679   0.09421   0.02191   0.07254   0.02613         0
   144/499     6.61G   0.06387    0.0366         0    0.1005         9       512    0.2263    0.2143   0.09111   0.02974   0.07826   0.03796         0
   145/499     6.61G   0.06455   0.04024         0    0.1048        17       512    0.2318      0.25    0.1135   0.02112   0.08065   0.03138         0
   146/499     6.61G   0.06752   0.03847         0     0.106        13       512    0.1028    0.1596   0.04063  0.009684   0.07584   0.07768         0
   147/499     6.61G   0.06468   0.03943         0    0.1041        16       512    0.2962    0.4286     0.207   0.05348   0.07109   0.02464         0
   148/499     6.61G   0.06374   0.03898         0    0.1027         5       512    0.2376    0.2679    0.1284   0.03339   0.07613   0.02907         0
   149/499     6.61G   0.06711   0.03614         0    0.1032        11       512    0.1384      0.25   0.06931   0.02203   0.07761   0.06031         0
   150/499     6.61G   0.06346   0.03666         0    0.1001         6       512    0.3555    0.2857    0.1846   0.05226   0.06889   0.02435         0
   151/499     6.61G    0.0629     0.034         0   0.09691        12       512    0.2801    0.2857    0.1227    0.0293   0.06793   0.02803         0
   152/499     6.61G   0.06416   0.03902         0    0.1032         8       512    0.3498    0.3555    0.1904   0.04832   0.06997   0.02602         0
   153/499     6.61G    0.0625   0.03988         0    0.1024        13       512    0.2194    0.3214    0.1126   0.02913    0.0777   0.03638         0
   154/499     6.61G   0.06564   0.03893         0    0.1046        14       512    0.2909     0.337    0.1615   0.04453   0.07278   0.02268         0
   155/499     6.61G   0.06271   0.03861         0    0.1013        12       512    0.2969    0.3929     0.196   0.04945    0.0668   0.02405         0
   156/499     6.61G    0.0626   0.03762         0    0.1002        11       512     0.202    0.2679    0.1118   0.02968   0.06997   0.03708         0
   157/499     6.61G   0.06384   0.03936         0    0.1032         7       512    0.3091    0.3196    0.1702   0.04554   0.07083    0.0238         0
   158/499     6.61G   0.06208   0.03493         0   0.09701         9       512    0.4212    0.3393    0.2218   0.05538   0.06888   0.02382         0
   159/499     6.61G   0.06436   0.03657         0    0.1009         3       512    0.3133     0.375     0.187     0.053   0.07037   0.02578         0
   160/499     6.61G   0.06547    0.0385         0     0.104        12       512    0.3268    0.3571    0.1967   0.05821   0.06745   0.02314         0
   161/499     6.61G   0.06435   0.04082         0    0.1052        18       512     0.391     0.321    0.2361   0.06781   0.06583   0.02455         0
   162/499     6.61G   0.06197   0.03975         0    0.1017         8       512     0.325      0.25    0.1186   0.03084   0.08038   0.03185         0
   163/499     6.61G   0.06266   0.03783         0    0.1005         6       512     0.191    0.2488    0.1186   0.03479   0.08091   0.03506         0
   164/499     6.61G   0.06291   0.03693         0   0.09985         8       512    0.2795    0.2857    0.1161   0.02568   0.07756   0.02371         0
   165/499     6.61G   0.06213   0.03648         0   0.09861         9       512    0.2589    0.4464    0.2177   0.05115   0.06814    0.0233         0
   166/499     6.61G   0.05972   0.03927         0   0.09899        12       512    0.3896    0.2857    0.2087   0.04538   0.06903   0.02288         0
   167/499     6.61G   0.05916   0.03464         0    0.0938         3       512    0.3165    0.3556     0.207   0.04981   0.06973    0.0234         0
   168/499     6.61G   0.06264   0.03679         0   0.09943         7       512    0.3798    0.3393    0.2407   0.05177    0.0675   0.02285         0
   169/499     6.61G   0.06181   0.03797         0   0.09978         7       512    0.2094    0.3929    0.1781   0.05066   0.06973   0.02585         0
   170/499     6.61G   0.05993   0.03658         0   0.09651        15       512    0.4088    0.3214    0.2363   0.04628   0.06974   0.02453         0
   171/499     6.61G   0.06377   0.03517         0   0.09894         5       512    0.2637    0.3393    0.2136   0.04953   0.06815   0.02353         0
   172/499     6.61G   0.06373   0.03907         0    0.1028        16       512    0.3332    0.3036    0.1767   0.04732   0.07106   0.02215         0
   173/499     6.61G   0.05951   0.03857         0   0.09808         6       512    0.2664    0.4286     0.211   0.05244   0.06501    0.0258         0
   174/499     6.61G   0.05974   0.03618         0   0.09592        18       512    0.2966    0.3571    0.1785   0.04835   0.06895   0.02324         0
   175/499     6.61G   0.05834    0.0371         0   0.09545         8       512     0.339    0.3393    0.1958    0.0418   0.06809   0.02357         0
   176/499     6.61G   0.05894   0.03742         0   0.09636         7       512    0.3559     0.375    0.2032   0.05278    0.0709   0.02734         0
   177/499     6.61G    0.0586   0.03565         0   0.09425        12       512    0.3008    0.2321    0.1203   0.03469   0.07312   0.04085         0
   178/499     6.61G    0.0609   0.04042         0    0.1013        13       512    0.4286     0.375    0.2278   0.06927   0.06773   0.02494         0
   179/499     6.61G   0.05863   0.03741         0   0.09603        15       512    0.3438    0.3182    0.2213   0.05984   0.06562   0.02486         0
   180/499     6.61G   0.05654   0.03307         0   0.08961         1       512     0.391    0.3214    0.2243   0.05863   0.06663   0.02382         0
   181/499     6.61G   0.06016   0.03608         0   0.09624        10       512    0.5117     0.375    0.2545   0.06384   0.07032   0.02486         0
   182/499     6.61G   0.06045   0.03859         0   0.09904        17       512    0.4161    0.3571    0.2493   0.05659   0.06751   0.02311         0
   183/499     6.61G   0.05686   0.03427         0   0.09113         4       512     0.326    0.2857    0.1769   0.04868   0.07559   0.02521         0
   184/499     6.61G   0.05799   0.03352         0   0.09151        11       512    0.4114     0.375    0.2258   0.05885   0.06936   0.02349         0
   185/499     6.61G    0.0586   0.03398         0   0.09258         8       512    0.4143    0.3036    0.2184   0.05091   0.06698   0.02298         0
   186/499     6.61G   0.06065   0.04038         0     0.101        19       512    0.4255     0.375    0.2671   0.05981   0.06851   0.02425         0
   187/499     6.61G   0.05945   0.03742         0   0.09687         8       512    0.3808    0.2857    0.1682   0.03615   0.07205   0.02271         0
   188/499     6.61G   0.05677   0.03661         0   0.09338        12       512    0.4858    0.3393    0.2387   0.04911   0.06885   0.02319         0
   189/499     6.61G   0.05784   0.03673         0   0.09457        16       512    0.2444    0.3929    0.1651   0.03885   0.07083   0.02478         0
   190/499     6.61G   0.05792   0.03528         0    0.0932        13       512    0.3179     0.375    0.1904   0.04785   0.07224   0.02374         0
   191/499     6.61G   0.05727   0.03402         0   0.09129         4       512     0.221    0.4107    0.1361   0.04216   0.07322   0.02581         0
   192/499     6.61G   0.05457   0.03706         0   0.09164         7       512     0.232    0.4107    0.1658   0.04913   0.07266   0.02319         0
   193/499     6.61G   0.05649   0.03325         0   0.08973         4       512    0.3658    0.2679    0.1664   0.04593   0.07106   0.02412         0
   194/499     6.61G   0.05769   0.03438         0   0.09207         9       512     0.305    0.3929    0.2292   0.06228   0.06634   0.02349         0
   195/499     6.61G   0.05602   0.03491         0   0.09093         4       512    0.3389     0.357    0.1837   0.05597   0.07225   0.02322         0
   196/499     6.61G   0.05808   0.03791         0   0.09599        24       512    0.2759    0.3199    0.1581   0.04578    0.0716   0.02593         0
   197/499     6.61G   0.05728   0.03354         0   0.09083         5       512     0.333    0.2321    0.1634   0.04467   0.06981    0.0235         0
   198/499     6.61G     0.058   0.03474         0   0.09274         5       512    0.2605    0.1964    0.1008   0.03731   0.07636   0.05327         0
   199/499     6.61G   0.05809   0.03449         0   0.09258         6       512     0.279      0.25    0.1346   0.02808   0.07538   0.02554         0
   200/499     6.61G    0.0553   0.03256         0   0.08785         6       512    0.2423    0.3036    0.1364   0.03209   0.07336   0.02295         0
   201/499     6.61G   0.05406     0.036         0   0.09006        14       512    0.3939    0.2321    0.1781   0.04601   0.07412   0.02259         0
   202/499     6.61G   0.05704   0.03702         0   0.09406         6       512    0.2881    0.2674    0.1495   0.03332   0.07369    0.0227         0
   203/499     6.61G   0.05808   0.03394         0   0.09202        11       512     0.218    0.3393    0.2248   0.04747   0.06935   0.02423         0
   204/499     6.61G   0.05469   0.03903         0   0.09371        16       512    0.2736    0.1964     0.112    0.0403   0.07485   0.04908         0
   205/499     6.61G   0.05289   0.03614         0   0.08904        16       512    0.2226    0.2321   0.08711   0.02369   0.07924    0.1053         0
   206/499     6.61G   0.05336   0.03191         0   0.08528        11       512    0.1461    0.3571   0.07445   0.01562   0.08651   0.05405         0
   207/499     6.61G   0.05442   0.03631         0   0.09073        13       512     0.168    0.2679   0.08284   0.02153   0.08039    0.0524         0
   208/499     6.61G    0.0549   0.03301         0   0.08792         3       512    0.1369    0.3036   0.06307   0.01107   0.08191   0.04228         0
   209/499     6.61G   0.05428   0.03445         0   0.08873         2       512   0.09966    0.3036   0.03623  0.007262   0.08643   0.04944         0
   210/499     6.61G   0.05543   0.03558         0     0.091        13       512    0.2438    0.2131    0.1223   0.03626   0.07471   0.03616         0
   211/499     6.61G   0.05337   0.03299         0   0.08637         9       512    0.2202    0.2679    0.1236   0.03514   0.07721   0.04402         0
   212/499     6.61G   0.05239   0.03409         0   0.08648        11       512    0.4117    0.2499    0.1747   0.05879   0.07058   0.02434         0
   213/499     6.61G   0.05199   0.03246         0   0.08445         6       512    0.2294      0.25    0.1048   0.03236   0.07381   0.02538         0
   214/499     6.61G   0.05286   0.03269         0   0.08556        11       512    0.4591    0.3032    0.2109   0.04076   0.07053   0.02359         0
   215/499     6.61G   0.05223   0.03493         0   0.08715        10       512    0.3136    0.3929     0.221   0.04936   0.06967   0.02392         0
   216/499     6.61G   0.05254   0.03249         0   0.08503        11       512    0.3327    0.3571    0.1743   0.03943    0.0712   0.02278         0
   217/499     6.61G   0.05322   0.02955         0   0.08277        13       512    0.3524    0.4107    0.2607   0.05856    0.0695   0.02288         0
   218/499     6.61G   0.05182   0.03129         0   0.08311         8       512     0.412    0.3393    0.1913   0.04571   0.07289   0.02403         0
   219/499     6.61G   0.05493   0.03195         0   0.08688        18       512    0.4797    0.2143    0.1759   0.04335   0.07236   0.02363         0
   220/499     6.61G   0.05416    0.0338         0   0.08796        14       512    0.2353    0.2857    0.1617    0.0564   0.07072   0.02586         0
   221/499     6.61G   0.05354   0.03256         0    0.0861         6       512    0.2412      0.25    0.1717   0.04921   0.07162   0.02362         0
   222/499     6.61G   0.05002   0.03226         0   0.08227         5       512    0.2973    0.3928    0.2101   0.05942   0.07056   0.02329         0
   223/499     6.61G   0.05179   0.03466         0   0.08645        11       512    0.3812     0.375    0.2161   0.05629   0.06749    0.0236         0
   224/499     6.61G   0.04888   0.03197         0   0.08084         4       512    0.2833     0.375    0.1858   0.05039   0.06816    0.0242         0
   225/499     6.61G   0.05528   0.03286         0   0.08814         6       512     0.433    0.2321    0.1616   0.04493    0.0705   0.02493         0
   226/499     6.61G   0.05283   0.03078         0   0.08361        14       512    0.3464    0.2857    0.1905   0.04931   0.06898   0.02428         0
   227/499     6.61G   0.04983   0.03483         0   0.08466        19       512    0.2493    0.3571    0.1756   0.04617   0.07045   0.02344         0
   228/499     6.61G   0.04866   0.02904         0   0.07769        14       512     0.302    0.2318    0.1444    0.0351   0.07158   0.02421         0
   229/499     6.61G   0.05307   0.03287         0   0.08594         3       512    0.3951    0.3033    0.1966   0.05744   0.07275    0.0232         0
   230/499     6.61G   0.05012   0.02994         0   0.08006         4       512    0.3333    0.3214    0.1985   0.04443   0.06988    0.0246         0
   231/499     6.61G   0.04841   0.03183         0   0.08024        15       512    0.4278    0.2679    0.2272   0.06015   0.06714   0.02349         0
   232/499     6.61G   0.04911   0.03088         0   0.07999         7       512    0.3407    0.2676    0.1721   0.05956   0.06894   0.02475         0
   233/499     6.61G   0.05334   0.03069         0   0.08403         1       512    0.3089    0.2321    0.1624   0.03487   0.07275   0.02632         0
   234/499     6.61G   0.05021   0.02972         0   0.07993         5       512    0.3922    0.2321    0.1809   0.04101   0.07007   0.02613         0
   235/499     6.61G   0.04813      0.03         0   0.07814         2       512     0.238     0.375    0.1474    0.0334   0.07123   0.02517         0
   236/499     6.61G   0.04815   0.03237         0   0.08052        11       512    0.2643    0.3214    0.1518   0.03592   0.07331   0.02495         0
   237/499     6.61G   0.04752   0.02954         0   0.07707        13       512    0.2889    0.3571    0.1918   0.05526   0.07038   0.02415         0
   238/499     6.61G   0.04783   0.03269         0   0.08052         5       512      0.25    0.3214    0.1645   0.04178   0.07046   0.02505         0
   239/499     6.61G   0.04762    0.0301         0   0.07772         3       512    0.3604    0.2321    0.1753   0.05214   0.06916   0.02686         0
   240/499     6.61G   0.04777   0.02894         0    0.0767         1       512    0.2569    0.4631    0.1958   0.06415   0.06727   0.02538         0
   241/499     6.61G     0.045   0.02809         0   0.07309        13       512    0.2745     0.446    0.1825      0.05    0.0699   0.02474         0
   242/499     6.61G   0.04844    0.0287         0   0.07714         9       512    0.2341    0.4107    0.1765   0.04522   0.06983   0.02524         0
   243/499     6.61G   0.05015   0.02892         0   0.07907         7       512    0.3855    0.3036    0.2075   0.05245   0.06983   0.02408         0
   244/499     6.61G   0.04949   0.03003         0   0.07953         5       512    0.3497    0.2497    0.1561     0.038    0.0732   0.02629         0
   245/499     6.61G   0.04868   0.03275         0   0.08143        24       512    0.3555    0.2857    0.1673   0.04478   0.07111   0.02651         0
   246/499     6.61G   0.04662   0.03249         0   0.07911        26       512    0.2344    0.3393    0.1343   0.03304   0.07292   0.02572         0
   247/499     6.61G   0.04684   0.03199         0   0.07883        10       512    0.2249    0.3214    0.1286   0.03826   0.07719   0.02571         0
   248/499     6.61G   0.04779   0.02986         0   0.07764         7       512    0.3052    0.3929    0.1799   0.05241   0.07191    0.0247         0
   249/499     6.61G   0.04408   0.03111         0   0.07519        11       512    0.3827    0.3214    0.1891   0.05621   0.06977   0.02457         0
   250/499     6.61G   0.04744    0.0258         0   0.07324         4       512    0.4097    0.2851    0.2106   0.05611   0.06762   0.02617         0
   251/499     6.61G   0.04684   0.03244         0   0.07928        21       512    0.3694    0.3036    0.1893   0.04935   0.06865   0.02396         0
   252/499     6.61G   0.04561   0.03165         0   0.07727        12       512    0.2953    0.2321    0.1168   0.02975   0.07311   0.02614         0
   253/499     6.61G   0.04439   0.02805         0   0.07244         2       512    0.2907      0.25    0.1338   0.03091   0.07524    0.0263         0
   254/499     6.61G   0.04702    0.0282         0   0.07522         5       512    0.2891    0.3214    0.1914   0.05137   0.07219   0.02573         0
   255/499     6.61G   0.04553   0.02624         0   0.07177         3       512    0.3313      0.25    0.1384   0.03323   0.07289   0.02705         0
   256/499     6.61G   0.04543   0.02748         0   0.07292         8       512    0.3874    0.3388    0.1923   0.04734   0.06943   0.02535         0
   257/499     6.61G    0.0467    0.0294         0    0.0761        14       512    0.2758     0.375    0.1949   0.04983    0.0707   0.02456         0
   258/499     6.61G   0.04452   0.02682         0   0.07134         7       512    0.2937    0.2679    0.1313    0.0333   0.07316   0.02558         0
   259/499     6.61G   0.04625   0.02994         0   0.07619        13       512    0.2854    0.2143    0.1189    0.0281   0.07659   0.02567         0
   260/499     6.61G   0.04684   0.02801         0   0.07485         7       512    0.2786    0.3036    0.1564   0.03596    0.0723   0.02594         0
   261/499     6.61G   0.04298   0.02758         0   0.07057         6       512    0.2538    0.2679    0.1355   0.03748    0.0703   0.02629         0
   262/499     6.61G   0.04428   0.02682         0    0.0711         8       512    0.3181      0.25    0.1386   0.04334   0.07031   0.02628         0
   263/499     6.61G   0.04507   0.02842         0   0.07349         2       512    0.4328    0.3036    0.2237   0.05834   0.06871   0.02743         0
   264/499     6.61G   0.04273    0.0267         0   0.06943         5       512    0.4041    0.2679    0.1876   0.04256   0.06944   0.02637         0
   265/499     6.61G    0.0431   0.02828         0   0.07138         7       512    0.2939    0.2676    0.1866   0.04482   0.07054   0.02582         0
   266/499     6.61G   0.04649   0.02852         0   0.07502         4       512    0.3266    0.3032    0.1878   0.05165   0.06887   0.02585         0
   267/499     6.61G   0.04556    0.0259         0   0.07146         4       512    0.3198    0.2855    0.1882   0.04654   0.07168   0.02603         0
   268/499     6.61G   0.04503   0.02776         0   0.07279        10       512    0.2407    0.2679    0.1206   0.03685   0.07334   0.03155         0
   269/499     6.61G   0.04228   0.02861         0   0.07089         8       512    0.3252      0.25    0.1364   0.03999   0.07239   0.02505         0
   270/499     6.61G   0.04305    0.0268         0   0.06986        11       512    0.3908    0.1607    0.1299   0.03334   0.07328   0.02673         0
   271/499     6.61G   0.04271   0.02631         0   0.06903         9       512    0.2744    0.2857    0.1672   0.03694   0.07432   0.02607         0
   272/499     6.61G   0.04515   0.02818         0   0.07333        12       512    0.2098    0.3036    0.1293   0.03194   0.07512   0.02618         0
   273/499     6.61G   0.04603   0.02662         0   0.07265         7       512     0.287    0.3379    0.1546   0.03648   0.07196   0.02634         0
   274/499     6.61G   0.04016   0.02648         0   0.06664         8       512    0.3691    0.3036    0.1794   0.04717   0.07253   0.02676         0
   275/499     6.61G   0.04193   0.02756         0    0.0695         6       512    0.3461    0.3036    0.1658   0.05558   0.07149   0.02695         0
   276/499     6.61G   0.04207   0.02817         0   0.07024         9       512    0.3388    0.3214    0.1833   0.05107   0.07155    0.0261         0
   277/499     6.61G   0.04373   0.02449         0   0.06821         8       512    0.3999      0.25    0.1661   0.04834   0.07099   0.02621         0
   278/499     6.61G    0.0419   0.02574         0   0.06764        13       512    0.3075    0.2857    0.1417    0.0422   0.07164   0.02715         0
   279/499     6.61G   0.03975   0.02703         0   0.06679        16       512    0.3043      0.25    0.1466   0.04261   0.07144   0.02678         0
   280/499     6.61G   0.04211   0.02772         0   0.06983        14       512    0.3332     0.232    0.1527   0.04304   0.07214   0.02618         0
   281/499     6.61G   0.03964   0.02473         0   0.06437         5       512    0.3697    0.2321    0.1478   0.03884   0.07165   0.02766         0
   282/499     6.61G   0.03887   0.02586         0   0.06473        12       512    0.3392    0.2321    0.1467   0.04442    0.0719   0.02774         0
   283/499     6.61G   0.03964   0.02591         0   0.06555         3       512    0.2853    0.2857    0.1518   0.03843   0.07142   0.02821         0
   284/499     6.61G    0.0425   0.02408         0   0.06658         5       512    0.2142    0.3393    0.1302   0.02659   0.07463   0.02938         0
   285/499     6.61G   0.04309    0.0267         0   0.06979        19       512    0.3253      0.25    0.1806     0.044   0.07281   0.02804         0
   286/499     6.61G   0.04082   0.02446         0   0.06529         5       512    0.4778    0.1964     0.178   0.04889   0.07143   0.02651         0
   287/499     6.61G   0.04023   0.02676         0   0.06699        17       512    0.3124    0.4461    0.2452   0.06503   0.06811   0.02667         0
   288/499     6.61G   0.03837   0.02454         0   0.06291        11       512    0.3132    0.2851     0.189   0.04004   0.07106   0.02774         0
   289/499     6.61G   0.04242   0.02525         0   0.06767         8       512    0.3403    0.2857    0.1846   0.04913   0.06865   0.02749         0
   290/499     6.61G   0.04033   0.02593         0   0.06626         6       512    0.4285    0.3214    0.2041   0.05757   0.06842   0.02786         0
   291/499     6.61G   0.03994   0.02302         0   0.06296         4       512     0.333    0.2853    0.1738   0.04522   0.07134   0.02848         0
   292/499     6.61G   0.04001   0.02473         0   0.06474         6       512    0.2498    0.2497    0.1515   0.04577   0.07245   0.02824         0
   293/499     6.61G   0.03921   0.02689         0    0.0661        12       512     0.288    0.3036    0.1988   0.05541   0.07041   0.02729         0
   294/499     6.61G   0.03907    0.0253         0   0.06437         4       512    0.4553    0.2857    0.2062   0.06392   0.06834   0.02692         0
   295/499     6.61G   0.04194   0.02614         0   0.06808         5       512    0.3652    0.3393    0.1886   0.06679   0.06743   0.02718         0
   296/499     6.61G   0.04174   0.02549         0   0.06723         8       512    0.3033    0.3214    0.1729   0.05809   0.06899   0.02692         0
   297/499     6.61G   0.03811   0.02681         0   0.06492        15       512    0.3332    0.3393    0.1818   0.06206   0.07205   0.02863         0
   298/499     6.61G   0.04104   0.02561         0   0.06664        11       512    0.3271    0.3214    0.1709   0.04651    0.0707   0.02833         0
   299/499     6.61G   0.03886     0.026         0   0.06485         8       512    0.3187    0.2679    0.1717   0.04915   0.07141   0.02734         0
   300/499     6.61G   0.03714   0.02362         0   0.06076         6       512    0.2875    0.3036    0.1644   0.04289   0.07253    0.0281         0
   301/499     6.61G   0.03871   0.02583         0   0.06454        13       512    0.2856    0.3214    0.1591   0.04548   0.07241   0.02856         0
   302/499     6.61G   0.03849    0.0243         0    0.0628         8       512    0.3097    0.3927    0.2179   0.04916   0.07283   0.02788         0
   303/499     6.61G   0.03997   0.02393         0   0.06391        13       512    0.2969    0.3393    0.2042   0.04679   0.07167    0.0278         0
   304/499     6.61G    0.0386   0.02452         0   0.06312         7       512    0.2975      0.25    0.1609   0.03708   0.07118   0.02872         0
   305/499     6.61G   0.03626    0.0232         0   0.05946         5       512    0.2187    0.3214    0.1495    0.0347   0.07281   0.02961         0
   306/499     6.61G   0.03617   0.02558         0   0.06175         4       512    0.4091    0.3214    0.1988   0.05046   0.07039   0.02878         0
   307/499     6.61G   0.03619   0.02661         0    0.0628        17       512    0.3938    0.2321    0.1886   0.04985   0.07077   0.02857         0
   308/499     6.61G   0.03522   0.02462         0   0.05984         5       512     0.291    0.4107    0.2038   0.05587   0.06979   0.02886         0
   309/499     6.61G   0.03935   0.02371         0   0.06306         9       512    0.3388    0.3569    0.1943   0.05344   0.07032   0.02857         0
   310/499     6.61G   0.03807    0.0213         0   0.05938         1       512    0.3768    0.4643    0.2316   0.06717   0.06641    0.0276         0
   311/499     6.61G   0.03468   0.02689         0   0.06156        23       512    0.3951    0.3036    0.2182   0.05816   0.06974   0.02696         0
   312/499     6.61G   0.03787   0.02328         0   0.06115         3       512    0.3792    0.3929    0.2253   0.05873   0.07013   0.02658         0
   313/499     6.61G   0.03553   0.02206         0    0.0576         9       512    0.4282    0.3214    0.2417   0.07239   0.06867   0.02667         0
   314/499     6.61G   0.03452   0.02106         0   0.05558         3       512    0.5407    0.2321    0.2472   0.07125   0.06956   0.02685         0
   315/499     6.61G   0.03604   0.02561         0   0.06165        11       512    0.3333    0.3214    0.2258   0.06235   0.06946   0.02765         0
   316/499     6.61G   0.03599   0.02505         0   0.06104        11       512    0.4247    0.3036    0.1952   0.05394   0.07161   0.02788         0
   317/499     6.61G   0.03591   0.02354         0   0.05945        14       512    0.3554    0.2857    0.1635   0.05037   0.07165   0.02805         0
   318/499     6.61G   0.03776   0.02316         0   0.06091        13       512    0.2804    0.2853    0.1192   0.03954   0.07331   0.02851         0
   319/499     6.61G   0.03529   0.02154         0   0.05683         2       512    0.2854    0.3214    0.1563   0.04114   0.07247   0.02731         0
   320/499     6.61G   0.03701   0.02318         0   0.06019         3       512    0.2629    0.3566    0.1516   0.04225   0.07229    0.0277         0
   321/499     6.61G   0.03483   0.02183         0   0.05666         9       512     0.311      0.25      0.15   0.04361   0.07103   0.02846         0
   322/499     6.61G   0.03716   0.02342         0   0.06059        14       512    0.2309    0.4464     0.163   0.04319   0.07338   0.02743         0
   323/499     6.61G   0.03583   0.02343         0   0.05926         7       512    0.4282    0.2679    0.2169   0.05432   0.07231   0.02787         0
   324/499     6.61G   0.03265   0.02262         0   0.05527         6       512    0.3536    0.3036    0.2068   0.06327   0.07238   0.02841         0
   325/499     6.61G   0.03516   0.02196         0   0.05712         4       512    0.4164    0.2679    0.1862   0.05509   0.07074   0.02987         0
   326/499     6.61G   0.03293    0.0211         0   0.05403         4       512    0.4057    0.2316    0.1996   0.06604   0.07205   0.02859         0
   327/499     6.61G   0.03511   0.02093         0   0.05604         5       512    0.3588    0.2498    0.1534   0.04308   0.07276   0.02899         0
   328/499     6.61G   0.03524    0.0244         0   0.05965        11       512    0.3589      0.25     0.193    0.0494   0.07023   0.02805         0
   329/499     6.61G   0.03467   0.02209         0   0.05676         4       512     0.333    0.2679    0.1653   0.04484   0.07096   0.02863         0
   330/499     6.61G   0.03615   0.02309         0   0.05923        14       512    0.3668    0.3214    0.2061   0.05399   0.07146   0.02799         0
   331/499     6.61G   0.03546   0.02325         0   0.05872        14       512    0.4822      0.25    0.2042   0.06345   0.07125   0.02738         0
   332/499     6.61G   0.03419   0.02307         0   0.05727        10       512    0.3102    0.3214    0.1798   0.05729   0.07052   0.02811         0
   333/499     6.61G   0.03343   0.02268         0   0.05611        19       512    0.3657    0.2676    0.1808   0.05834   0.07152   0.02749         0
   334/499     6.61G   0.03542   0.02257         0   0.05799        11       512    0.3815    0.2321    0.1869   0.05578   0.07233   0.02819         0
   335/499     6.61G   0.03487    0.0209         0   0.05577         9       512    0.3951    0.3033    0.2143   0.04542   0.07203   0.02885         0
   336/499     6.61G    0.0345   0.02295         0   0.05745        12       512    0.2622    0.3745     0.163   0.04016   0.07242   0.02849         0
   337/499     6.61G   0.03238   0.02418         0   0.05656        15       512    0.2097     0.375    0.1832   0.04995   0.07207   0.02961         0
   338/499     6.61G   0.03246   0.02444         0    0.0569        14       512    0.5546    0.2679    0.2248   0.06182   0.07018    0.0297         0
   339/499     6.61G   0.03272   0.02064         0   0.05336         3       512    0.4241      0.25    0.2053    0.0551   0.06928   0.02964         0
   340/499     6.61G   0.03331    0.0225         0    0.0558        13       512    0.4615    0.2142    0.1635   0.05006   0.07025   0.03011         0
   341/499     6.61G   0.03356   0.02415         0   0.05771        17       512    0.3333    0.2143    0.1804   0.04752   0.07341   0.02955         0
   342/499     6.61G   0.03275    0.0226         0   0.05535        15       512    0.2664    0.2857    0.1384   0.04571   0.07451   0.03003         0
   343/499     6.61G   0.03154    0.0207         0   0.05224         5       512    0.2646    0.3214    0.1684   0.04622   0.06954   0.02969         0
   344/499     6.61G   0.03109   0.02249         0   0.05358        10       512    0.2456    0.3214    0.1511   0.03823   0.07211   0.02858         0
   345/499     6.61G   0.03332   0.02038         0    0.0537         8       512    0.2383    0.4107    0.1668   0.04254    0.0721   0.02837         0
   346/499     6.61G   0.03107   0.02004         0    0.0511         7       512    0.2382    0.2857    0.1416   0.04149   0.07395   0.02791         0
   347/499     6.61G   0.03196   0.02302         0   0.05497         6       512     0.243    0.3214    0.1547   0.04381   0.07302   0.02883         0
   348/499     6.61G   0.03096   0.01982         0   0.05079         5       512    0.3324    0.2321     0.155   0.04466   0.07348   0.03001         0
   349/499     6.61G   0.03386   0.02016         0   0.05401         5       512     0.262    0.2857    0.1751   0.04498   0.07231   0.03029         0
   350/499     6.61G   0.03249   0.02202         0   0.05451        12       512    0.3117    0.2831    0.1637    0.0438   0.07165   0.03049         0
   351/499     6.61G   0.03154   0.02266         0    0.0542        22       512    0.3327    0.1964     0.117   0.03097   0.07241   0.03303         0
   352/499     6.61G   0.03141    0.0197         0    0.0511         7       512    0.3437    0.1964    0.1538   0.04279   0.07284   0.03164         0
   353/499     6.61G   0.03058   0.02274         0   0.05332        17       512    0.3332    0.2141    0.1479   0.04443   0.07162   0.02866         0
   354/499     6.61G   0.03168   0.02171         0   0.05339         7       512    0.4385    0.1953    0.1664   0.04228   0.07436   0.02944         0
   355/499     6.61G   0.03172   0.02021         0   0.05193         7       512    0.2353    0.2857    0.1613    0.0361   0.07425   0.02999         0
   356/499     6.61G   0.03215   0.02194         0   0.05409        14       512    0.3034    0.3036    0.1542   0.03353   0.07396   0.02922         0
   357/499     6.61G   0.03106   0.02162         0   0.05268        10       512    0.2398    0.3211     0.166   0.04773   0.07075   0.02962         0
   358/499     6.61G   0.03066   0.02229         0   0.05294         3       512    0.2713    0.3393    0.1816   0.04658   0.07009   0.03029         0
   359/499     6.61G   0.03099   0.02062         0   0.05161         4       512    0.3232    0.2143     0.129     0.037   0.07135   0.03065         0
   360/499     6.61G   0.03346    0.0206         0   0.05407         3       512     0.423    0.1964    0.1515    0.0446   0.07081   0.03034         0
   361/499     6.61G   0.03109   0.01937         0   0.05047         4       512    0.3331    0.2143      0.15   0.03864   0.07177   0.03098         0
   362/499     6.61G   0.03329   0.02182         0   0.05511        11       512    0.3428    0.2143    0.1424   0.04026   0.07249   0.03155         0
   363/499     6.61G   0.03266   0.02023         0   0.05288         9       512    0.2701    0.3571    0.1785   0.05068   0.07175     0.029         0
   364/499     6.61G   0.02976   0.02175         0   0.05151        19       512    0.2902    0.3214    0.1731   0.05132    0.0746   0.02901         0
   365/499     6.61G   0.03171   0.02196         0   0.05367         5       512    0.3087    0.3036    0.1384   0.04179   0.07643   0.02894         0
   366/499     6.61G   0.03051    0.0204         0   0.05091         5       512    0.3407    0.2679     0.163   0.04272   0.07457   0.02887         0
   367/499     6.61G   0.02998    0.0226         0   0.05259        13       512    0.3875    0.2485    0.1818    0.0493   0.07413   0.02993         0
   368/499     6.61G   0.03049    0.0197         0   0.05019        10       512    0.3991      0.25    0.1611   0.04368    0.0736   0.03208         0
   369/499     6.61G    0.0284   0.01941         0   0.04781         2       512    0.2384    0.3744    0.2231   0.06659   0.07015   0.03039         0
   370/499     6.61G   0.02963   0.02182         0   0.05145        15       512    0.3745    0.2679      0.24   0.06795   0.07065   0.03015         0
   371/499     6.61G   0.03041   0.02017         0   0.05058        12       512    0.3888    0.2499     0.171   0.04634   0.07283   0.03169         0
   372/499     6.61G   0.02935    0.0201         0   0.04946         9       512    0.4797    0.2143    0.1851   0.05406   0.07334   0.02957         0
   373/499     6.61G   0.02991   0.01942         0   0.04933         2       512    0.3261    0.3571    0.1705    0.0455   0.07275   0.02882         0
   374/499     6.61G   0.02924   0.01804         0   0.04728         7       512    0.3188    0.2679    0.1385   0.04911   0.07284   0.02972         0
   375/499     6.61G   0.02964   0.02013         0   0.04977        10       512    0.3103    0.3214    0.1521   0.04629   0.07257   0.02995         0
   376/499     6.61G   0.03473   0.02199         0   0.05672         4       512    0.2775    0.2679    0.1461   0.04526   0.07269   0.03175         0
   377/499     6.61G    0.0329   0.02178         0   0.05469        16       512    0.3419    0.2321    0.1471   0.04622   0.07288   0.03195         0
   378/499     6.61G    0.0312   0.02044         0   0.05163         2       512    0.3845    0.2679    0.1907   0.05548   0.07252   0.03045         0
   379/499     6.61G   0.02871   0.01774         0   0.04645         3       512    0.3777    0.3035    0.2218   0.05748   0.07183   0.03035         0
   380/499     6.61G   0.02938   0.02127         0   0.05065        12       512    0.3521    0.3202    0.2244    0.0652   0.07163   0.02877         0
   381/499     6.61G   0.03075   0.02059         0   0.05134         6       512     0.271    0.2857    0.1797   0.05737   0.07135   0.02979         0
   382/499     6.61G   0.03127   0.02216         0   0.05344        13       512    0.2222    0.2857    0.1525   0.04714   0.07174   0.03082         0
   383/499     6.61G   0.03033   0.02045         0   0.05078        13       512    0.2955    0.2857    0.1919   0.05372   0.07007   0.03014         0
   384/499     6.61G   0.02906   0.02014         0    0.0492        12       512    0.2255    0.3036    0.1578   0.05005   0.07165   0.03213         0
   385/499     6.61G    0.0298    0.0211         0    0.0509        12       512    0.2775    0.2679    0.1458    0.0464   0.07447   0.03233         0
   386/499     6.61G   0.02878   0.02119         0   0.04997        15       512    0.4241    0.2499    0.1855   0.05712   0.07164   0.03247         0
   387/499     6.61G   0.02717    0.0201         0   0.04727         4       512    0.2568     0.375    0.1951   0.05736   0.07042   0.03319         0
   388/499     6.61G   0.02791   0.01976         0   0.04767        13       512     0.258    0.4286     0.203   0.05313   0.07153   0.03289         0
   389/499     6.61G   0.02776   0.02031         0   0.04806        16       512    0.3714    0.2857     0.204   0.05487   0.07111    0.0312         0
   390/499     6.61G   0.02886   0.01958         0   0.04844        17       512    0.2876     0.375    0.2141   0.05364   0.06973   0.03089         0
   391/499     6.61G   0.02764   0.01938         0   0.04701         7       512    0.3571    0.2679     0.196   0.05198   0.06989   0.03159         0
   392/499     6.61G   0.02828   0.02147         0   0.04976        13       512     0.352    0.3214    0.2055   0.05233   0.07039   0.03111         0
   393/499     6.61G   0.02907   0.02019         0   0.04927        18       512    0.3538    0.3036    0.1697   0.04844   0.07165    0.0302         0
   394/499     6.61G   0.02921   0.02047         0   0.04969         6       512    0.3631    0.2857    0.1722   0.04575   0.07147   0.03166         0
   395/499     6.61G   0.02967   0.02004         0    0.0497         6       512    0.3396    0.3031    0.1755   0.05371   0.07015   0.03183         0
   396/499     6.61G   0.02667   0.01793         0    0.0446         5       512    0.3611    0.3036    0.1795   0.05246   0.07158   0.03153         0
   397/499     6.61G   0.02791   0.01808         0   0.04599         2       512    0.3199    0.2857    0.1575   0.04449   0.07238   0.03086         0
   398/499     6.61G   0.02889   0.02163         0   0.05052        16       512    0.2595    0.3214     0.171   0.04117   0.07379   0.03094         0
   399/499     6.61G   0.02805   0.01895         0     0.047         6       512    0.2855    0.3571    0.1852   0.04903   0.07236    0.0307         0
   400/499     6.61G   0.02737    0.0191         0   0.04647         8       512    0.3099    0.3208     0.178   0.04793   0.07275   0.03073         0
   401/499     6.61G   0.02995   0.02027         0   0.05022        12       512    0.3175    0.3571    0.1933   0.05434   0.07156   0.03074         0
   402/499     6.61G   0.02731   0.02041         0   0.04772         9       512    0.2901    0.3211    0.1839   0.04758   0.07158   0.03182         0
   403/499     6.61G   0.02741   0.01878         0   0.04619         5       512    0.2683    0.3208    0.1681   0.04003   0.07235   0.03198         0
   404/499     6.61G   0.02897   0.01958         0   0.04856        12       512    0.2876    0.3036    0.1566   0.03971   0.07239   0.03197         0
   405/499     6.61G   0.02786   0.02131         0   0.04917        12       512    0.3088    0.3032    0.1567   0.04299   0.07193    0.0318         0
   406/499     6.61G   0.02713   0.01903         0   0.04616        10       512     0.322    0.3392    0.1704   0.04122   0.07202   0.03175         0
   407/499     6.61G   0.02768   0.01986         0   0.04754        27       512    0.3414      0.25    0.1551   0.03429   0.07309   0.03366         0
   408/499     6.61G   0.02586   0.01882         0   0.04467        13       512    0.2958    0.2857    0.1789   0.04138     0.073   0.03372         0
   409/499     6.61G   0.02667   0.01863         0    0.0453         3       512    0.3167    0.3393    0.2049   0.05074   0.07204   0.03246         0
   410/499     6.61G   0.02678   0.01878         0   0.04556        16       512     0.261    0.4107    0.2013   0.05496   0.07149   0.03094         0
   411/499     6.61G   0.02702   0.01871         0   0.04573        12       512    0.2999    0.3213    0.1709   0.04524   0.07142   0.03203         0
   412/499     6.61G   0.02578   0.01791         0   0.04369         9       512    0.3461    0.3214    0.2034   0.05271   0.07174   0.03204         0
   413/499     6.61G    0.0259   0.01874         0   0.04464         8       512    0.3217    0.3393    0.2191   0.05848   0.07175   0.03155         0
   414/499     6.61G   0.02674   0.02008         0   0.04682        12       512    0.2688    0.4286    0.2094   0.05918   0.07148   0.03168         0
   415/499     6.61G   0.02644   0.01772         0   0.04416         3       512    0.2775    0.3393    0.1791   0.05101   0.07207   0.03351         0
   416/499     6.61G   0.02597   0.01781         0   0.04378         2       512     0.322    0.3393     0.177   0.04246   0.07153   0.03356         0
   417/499     6.61G   0.02709   0.01779         0   0.04488         4       512    0.4999    0.2143    0.1634   0.03694   0.07149   0.03374         0
   418/499     6.61G   0.02769   0.01734         0   0.04503        11       512    0.3508    0.3571    0.2191   0.05263   0.06915    0.0337         0
   419/499     6.61G   0.02735    0.0205         0   0.04786        13       512    0.2914    0.3393     0.194   0.04731   0.07098   0.03371         0
   420/499     6.61G   0.02594   0.01763         0   0.04357         5       512    0.3528    0.3214    0.2088   0.04885   0.07077     0.032         0
   421/499     6.61G   0.02569   0.01932         0   0.04501         6       512    0.2422    0.4286    0.1862   0.04668   0.07095   0.03102         0
   422/499     6.61G   0.02783   0.02001         0   0.04784        15       512    0.3166    0.3571    0.1967   0.04822   0.07091    0.0323         0
   423/499     6.61G   0.02599    0.0184         0   0.04439         9       512    0.3158    0.3379    0.2017   0.05069   0.07023   0.03436         0
   424/499     6.61G   0.02858   0.01955         0   0.04813        10       512    0.3215    0.3393    0.1941   0.04673   0.06965   0.03334         0
   425/499     6.61G   0.02692   0.01781         0   0.04474         4       512    0.3191    0.2679    0.1602   0.04267   0.07016   0.03459         0
   426/499     6.61G   0.02707    0.0212         0   0.04827         8       512    0.3399    0.3036     0.164   0.03884   0.07115   0.03268         0
   427/499     6.61G   0.02737    0.0174         0   0.04476         8       512    0.3499    0.2499    0.1351   0.04066   0.07175   0.03158         0
   428/499     6.61G   0.02569   0.01852         0   0.04421         8       512    0.3156    0.3214    0.1458   0.04039   0.07221   0.03125         0
   429/499     6.61G   0.02658   0.01999         0   0.04656         4       512    0.3279    0.3571    0.1807   0.04881   0.07099   0.03057         0
   430/499     6.61G   0.02699   0.01883         0   0.04581         9       512    0.2745    0.3919       0.2   0.05118   0.07055   0.03107         0
   431/499     6.61G   0.02688   0.02055         0   0.04743        16       512    0.2608     0.375    0.1895   0.04844   0.07099    0.0317         0
   432/499     6.61G   0.02642   0.01875         0   0.04518        13       512    0.4609    0.2143     0.181   0.04744   0.07105   0.03145         0
   433/499     6.61G   0.02758   0.01928         0   0.04685         5       512    0.4696    0.2857    0.2182   0.05752   0.07234   0.03024         0
   434/499     6.61G    0.0264   0.01811         0   0.04452         3       512    0.3555    0.2857    0.1766   0.04828   0.07193   0.03015         0
   435/499     6.61G   0.02617   0.02173         0   0.04789        20       512    0.3997      0.25    0.1536   0.04364    0.0721   0.03371         0
   436/499     6.61G   0.02521   0.01953         0   0.04473        19       512    0.3331    0.2143    0.1262   0.03935   0.07172   0.03416         0
   437/499     6.61G   0.02522   0.01837         0   0.04359         9       512    0.2591    0.3571    0.1491   0.03914   0.07184    0.0329         0
   438/499     6.61G   0.02634   0.01868         0   0.04503         6       512    0.3043     0.375    0.1651   0.04557   0.07119    0.0327         0
   439/499     6.61G   0.02611   0.01951         0   0.04562        20       512     0.317    0.2321    0.1375   0.04212   0.07052   0.03299         0
   440/499     6.61G   0.02646   0.01876         0   0.04522         5       512    0.2526    0.3571    0.1751   0.04902   0.07029   0.03308         0
   441/499     6.61G   0.02526   0.01869         0   0.04396         3       512    0.3919    0.2679    0.1826   0.04317   0.07115   0.03238         0
   442/499     6.61G   0.02506   0.01796         0   0.04302         8       512    0.2923    0.2679    0.1691   0.04567   0.07012   0.03305         0
   443/499     6.61G   0.02409   0.01692         0   0.04101         3       512    0.3868    0.2143    0.1363   0.04066   0.07115   0.03305         0
   444/499     6.61G   0.02544   0.01828         0   0.04371        15       512    0.4229      0.25    0.1654   0.04479   0.07026   0.03249         0
   445/499     6.61G   0.02533   0.01876         0   0.04409        18       512     0.439    0.3214    0.2449   0.06184   0.06966   0.03081         0
   446/499     6.61G   0.02461   0.01789         0    0.0425         5       512    0.2957     0.375    0.2108    0.0571   0.06972   0.03254         0
   447/499     6.61G   0.02568   0.01744         0   0.04312        19       512    0.2849      0.25    0.1175    0.0408   0.07189   0.03373         0
   448/499     6.61G     0.025   0.01799         0   0.04299         6       512    0.3134    0.2857    0.1718   0.04619   0.07255   0.03242         0
   449/499     6.61G   0.02527    0.0199         0   0.04517        19       512    0.3712    0.2321    0.1563   0.04332   0.07223   0.03289         0
   450/499     6.61G   0.02425   0.01821         0   0.04246         9       512    0.3193    0.4107    0.2185   0.05438   0.07094   0.03115         0
   451/499     6.61G   0.02435   0.01643         0   0.04079        11       512    0.2901    0.4107    0.2201   0.05646   0.07079   0.03062         0
   452/499     6.61G   0.02568   0.01689         0   0.04256         1       512    0.2762     0.375    0.1819   0.04214   0.07179   0.03193         0
   453/499     6.61G   0.02531   0.01777         0   0.04308         7       512    0.2427     0.375    0.1607   0.03849   0.07184   0.03181         0
   454/499     6.61G   0.02356   0.01683         0   0.04038         5       512    0.2714    0.3393    0.1886   0.05268   0.07011    0.0322         0
   455/499     6.61G   0.02536   0.01921         0   0.04457        14       512    0.4159    0.2679    0.1948   0.05131   0.07049   0.03352         0
   456/499     6.61G   0.02554   0.01656         0    0.0421         6       512    0.2852    0.2857    0.1661   0.04633   0.07106   0.03278         0
   457/499     6.61G   0.02539   0.01747         0   0.04286        18       512    0.3999    0.2856    0.2007    0.0549   0.07194   0.03159         0
   458/499     6.61G   0.02563    0.0183         0   0.04394         9       512    0.4081    0.3214    0.2129    0.0596   0.07259   0.03181         0
   459/499     6.61G   0.02427   0.01802         0   0.04229        17       512    0.4443    0.2857    0.2066   0.05715   0.07177   0.03292         0
   460/499     6.61G   0.02608   0.01942         0    0.0455        18       512    0.3328    0.3214     0.201    0.0537   0.07025   0.03237         0
   461/499     6.61G   0.02472   0.01801         0   0.04273        13       512    0.4047    0.3036    0.2087   0.05227    0.0702   0.03248         0
   462/499     6.61G   0.02536    0.0183         0   0.04367         7       512    0.4436    0.2857    0.2157   0.05911   0.07025   0.03166         0
   463/499     6.61G   0.02372   0.01607         0    0.0398         4       512     0.515    0.2845    0.2289   0.06318   0.06981   0.03226         0
   464/499     6.61G   0.02458   0.01728         0   0.04186        10       512    0.2811    0.3212    0.1543   0.04701   0.07068   0.03351         0
   465/499     6.61G   0.02497   0.01725         0   0.04221         4       512    0.2534    0.2857     0.143   0.03995   0.07119   0.03345         0
   466/499     6.61G   0.02464   0.01835         0     0.043        21       512    0.4192    0.2321    0.2016   0.04677   0.07014   0.03366         0
   467/499     6.61G   0.02511   0.01723         0   0.04235         4       512     0.403    0.2679    0.1901   0.05884   0.06945   0.03275         0
   468/499     6.61G   0.02549   0.01815         0   0.04363         4       512    0.4323    0.2856    0.1877   0.05463   0.06979   0.03201         0
   469/499     6.61G   0.02348    0.0169         0   0.04039         3       512    0.4098    0.2857    0.1915   0.05205   0.06932   0.03247         0
   470/499     6.61G     0.024   0.01641         0   0.04041         8       512     0.406    0.2321     0.155    0.0475   0.06899   0.03342         0
   471/499     6.61G   0.02412   0.01895         0   0.04307        17       512    0.4238      0.25    0.1939   0.04981   0.06905   0.03335         0
   472/499     6.61G   0.02351   0.01671         0   0.04022        11       512    0.3331    0.2857    0.2281   0.06098   0.06912   0.03292         0
   473/499     6.61G   0.02397   0.01523         0    0.0392         2       512    0.3203    0.3036    0.2213   0.06177   0.06919   0.03358         0
   474/499     6.61G   0.02372   0.01826         0   0.04198         9       512    0.4642     0.232    0.2239   0.06245   0.07116   0.03388         0
   475/499     6.61G   0.02495   0.01752         0   0.04247         5       512    0.3064    0.3393    0.1938   0.05399   0.07246   0.03389         0
   476/499     6.61G   0.02178   0.01751         0   0.03929         0       512    0.5175      0.25    0.2274   0.06244    0.0718   0.03192         0
   477/499     6.61G   0.02421   0.01821         0   0.04242        15       512     0.346    0.3214    0.2184    0.0578   0.07205   0.03156         0
   478/499     6.61G   0.02436   0.01713         0   0.04149         5       512    0.3267    0.3571    0.2298   0.05878   0.07215   0.03245         0
   479/499     6.61G   0.02539   0.01724         0   0.04263        11       512    0.4322    0.2857    0.2108   0.05481   0.07244   0.03368         0
   480/499     6.61G   0.02342   0.01715         0   0.04057         4       512    0.4442    0.2857    0.2198   0.05309   0.07167   0.03331         0
   481/499     6.61G   0.02384   0.01799         0   0.04183        15       512    0.3894    0.2857    0.2534   0.06001   0.07127   0.03332         0
   482/499     6.61G   0.02222   0.01779         0   0.04001         8       512     0.704    0.2143    0.2598    0.0648   0.07118    0.0324         0
   483/499     6.61G   0.02495   0.01604         0   0.04099         5       512    0.3861    0.3032    0.2421   0.06057   0.07184   0.03179         0
   484/499     6.61G   0.02314   0.01698         0   0.04012         7       512    0.4991    0.2857    0.2509   0.06204   0.07132   0.03171         0
   485/499     6.61G   0.02352   0.01725         0   0.04076        11       512    0.4166    0.2679    0.1722   0.05701   0.07092   0.03177         0
   486/499     6.61G    0.0247   0.01655         0   0.04125        10       512    0.2896    0.3566    0.2006   0.05614   0.07045   0.03283         0
   487/499     6.61G     0.024   0.01699         0   0.04099         6       512    0.4663      0.25    0.2284   0.05288   0.07129   0.03389         0
   488/499     6.61G   0.02501   0.01765         0   0.04266         3       512    0.4323    0.2321    0.1798   0.04306   0.07235   0.03361         0
   489/499     6.61G   0.02416    0.0168         0   0.04095         5       512    0.4112      0.25    0.1785   0.04798   0.07226   0.03258         0
   490/499     6.61G   0.02447   0.01695         0   0.04141         2       512    0.3206    0.3036    0.1829     0.054   0.07208   0.03292         0
   491/499     6.61G   0.02464   0.01832         0   0.04296         7       512    0.2548     0.375    0.1682   0.04099   0.07188    0.0329         0
   492/499     6.61G   0.02387   0.01676         0   0.04062        13       512    0.2873     0.375    0.1716    0.0449   0.07249   0.03253         0
   493/499     6.61G   0.02531    0.0157         0   0.04101         2       512    0.3212    0.3214    0.1924   0.04635   0.07242    0.0329         0
   494/499     6.61G   0.02552   0.01855         0   0.04406        15       512    0.3076    0.3571    0.2243   0.05363   0.07111   0.03326         0
   495/499     6.61G   0.02352   0.01609         0   0.03961         4       512    0.3224    0.3571    0.2413   0.05749   0.07034   0.03317         0
   496/499     6.61G   0.02308   0.01681         0   0.03988         3       512    0.5594      0.25    0.2302   0.06051   0.07093   0.03324         0
   497/499     6.61G   0.02344   0.01854         0   0.04198        16       512    0.3809    0.2857    0.1807   0.05649   0.07071   0.03289         0
   498/499     6.61G   0.02441   0.01573         0   0.04013         8       512    0.3518    0.3393    0.2098   0.05682   0.07073   0.03269         0
   499/499     6.61G   0.02377    0.0172         0   0.04097        10       512    0.3487    0.2679    0.1458    0.0477   0.07186   0.03261         0
